60	本关出怪波数	2500	BOSS出现时间

1	本波NPC个数	50	出现时间
ID	横坐标		纵坐标	辅助变量	等级
10	600		-150	150		5

1	本波NPC个数	75	出现时间
ID	横坐标		纵坐标	辅助变量	等级
10	500		-150	150		-1

1	本波NPC个数	100	出现时间
ID	横坐标		纵坐标	辅助变量	等级
10	1300		-150	200		5

1	本波NPC个数	125	出现时间
ID	横坐标		纵坐标	辅助变量	等级
10	700		-150	200		5

1	本波NPC个数	175	出现时间
ID	横坐标		纵坐标	辅助变量	等级
0	1200		-150	250		11

2	本波NPC个数	200	出现时间
ID	横坐标		纵坐标	辅助变量	等级
10	800		-150	200		5
10	1100		-150	200		5

3	本波NPC个数	250	出现时间
ID	横坐标		纵坐标	辅助变量	等级
15	800		-50	0		8
15	960		-150	0		8
15	1100		-250	0		8

3	本波NPC个数	300	出现时间
ID	横坐标		纵坐标	辅助变量	等级
15	500		-50	0		8
15	960		-150	0		8
15	1400		-250	0		8

3	本波NPC个数	350	出现时间
ID	横坐标		纵坐标	辅助变量	等级
1	-100		150	460		11
1	-200		200	360		11
1	-300		250	260		11

3	本波NPC个数	350	出现时间
ID	横坐标		纵坐标	辅助变量	等级
2	2020		100	260		11
2	2120		150	360		11
2	2220		200	460		11

5	本波NPC个数	400	出现时间
ID	横坐标		纵坐标	辅助变量	等级
10	600		-200	250		5
10	800		-150	300		5
10	960		-100	350		5
10	1100		-150	300		5
10	1300		-150	250		5

3	本波NPC个数	500	出现时间
ID	横坐标		纵坐标	辅助变量	等级
30	960		-200	200		11
0	700		-200	200		11
0	1200		-200	200		11

5	本波NPC个数	550	出现时间
ID	横坐标		纵坐标	辅助变量	等级
10	500		-200	250		5
10	700		-150	300		5
10	960		-100	350		5
10	1200		-150	300		5
10	1400		-150	250		5

1	本波NPC个数	575	出现时间
ID	横坐标		纵坐标	辅助变量	等级
50	960		-200	200		13

5	本波NPC个数	650	出现时间
ID	横坐标		纵坐标	辅助变量	等级
0	600		-200	300		11
0	800		-150	350		11
0	960		-100	400		11
0	1100		-150	350		11
0	1300		-150	300		11

5	本波NPC个数	660	出现时间
ID	横坐标		纵坐标	辅助变量	等级
10	500		-200	200		5
10	700		-150	250		5
10	960		-100	300		5
10	1200		-150	250		5
10	1400		-150	200		5

5	本波NPC个数	670	出现时间
ID	横坐标		纵坐标	辅助变量	等级
10	700		-200	150		5
10	800		-150	200		5
10	960		-100	250		5
10	1100		-150	200		5
10	1200		-150	150		5

5	本波NPC个数	750	出现时间
ID	横坐标		纵坐标	辅助变量	等级
0	600		-200	200		11
0	800		-150	250		11
0	960		-100	300		11
0	440		-150	250		11
0	1400		-150	200		11

3	本波NPC个数	800	出现时间
ID	横坐标		纵坐标	辅助变量	等级
10	960		-200	200		5
10	700		-200	250		5
10	1200		-200	200		5

3	本波NPC个数	850	出现时间
ID	横坐标		纵坐标	辅助变量	等级
10	700		-200	200		5
10	960		-200	250		5
10	1200		-200	200		5

3	本波NPC个数	900	出现时间
ID	横坐标		纵坐标	辅助变量	等级
13	-100		300	0		11
13	-200		200	0		11
13	-300		100	0		11

3	本波NPC个数	950	出现时间
ID	横坐标		纵坐标	辅助变量	等级
14	2020		300	0		11
14	2120		200	0		11
14	2220		100	0		11

5	本波NPC个数	1000	出现时间
ID	横坐标		纵坐标	辅助变量	等级
10	600		-200	150		5
10	800		-150	200		5
10	960		-100	250		5
10	1100		-150	200		5
10	1300		-150	150		5

3	本波NPC个数	1050	出现时间
ID	横坐标		纵坐标	辅助变量	等级
15	600		-50	0		8
15	960		-150	0		8
15	1300		-250	0		8

3	本波NPC个数	1100	出现时间
ID	横坐标		纵坐标	辅助变量	等级
15	500		-50	0		8
15	960		-150	0		8
15	1400		-250	0		8

3	本波NPC个数	1150	出现时间
ID	横坐标		纵坐标	辅助变量	等级
1	-100		100	460		11
1	-200		150	360		11
1	-300		200	260		11

3	本波NPC个数	1200	出现时间
ID	横坐标		纵坐标	辅助变量	等级
2	2020		100	260		11
2	2120		150	360		-1
2	2220		200	460		11

3	本波NPC个数	1250	出现时间
ID	横坐标		纵坐标	辅助变量	等级
30	960		-200	200		12
30	800		-200	200		12
30	1100		-200	200		12

2	本波NPC个数	1250	出现时间
ID	横坐标		纵坐标	辅助变量	等级
51	-100		350	260		13
52	2020		350	460		13

1	本波NPC个数	1300	出现时间
ID	横坐标		纵坐标	辅助变量	等级
26	-100		100		0		11
1	本波NPC个数	1310	出现时间
ID	横坐标		纵坐标	辅助变量	等级
26	-100		100		0		11
1	本波NPC个数	1320	出现时间
ID	横坐标		纵坐标	辅助变量	等级
26	-100		100		0		11
1	本波NPC个数	1330	出现时间
ID	横坐标		纵坐标	辅助变量	等级
26	-100		100		0		11
1	本波NPC个数	1340	出现时间
ID	横坐标		纵坐标	辅助变量	等级
26	-100		100		0		11

1	本波NPC个数	1360	出现时间
ID	横坐标		纵坐标	辅助变量	等级
27	2020		100		0		12
1	本波NPC个数	1370	出现时间
ID	横坐标		纵坐标	辅助变量	等级
27	2020		100		0		12
1	本波NPC个数	1380	出现时间
ID	横坐标		纵坐标	辅助变量	等级
27	2020		100		0		12
1	本波NPC个数	1390	出现时间
ID	横坐标		纵坐标	辅助变量	等级
27	2020		100		0		12
1	本波NPC个数	1400	出现时间
ID	横坐标		纵坐标	辅助变量	等级
27	2020		100		0		12

3	本波NPC个数	1450	出现时间
ID	横坐标		纵坐标	辅助变量	等级
13	-100		300	0		11
13	-200		200	0		-1
13	-300		100	0		11

3	本波NPC个数	1500	出现时间
ID	横坐标		纵坐标	辅助变量	等级
14	2020		300	0		11
14	2120		200	0		11
14	2220		100	0		11

5	本波NPC个数	1550	出现时间
ID	横坐标		纵坐标	辅助变量	等级
10	600		-200	200		5
10	800		-150	250		5
10	960		-100	300		5
10	1100		-150	250		5
10	1300		-150	200		5

5	本波NPC个数	1600	出现时间
ID	横坐标		纵坐标	辅助变量	等级
10	500		-200	200		5
10	700		-150	250		5
10	960		-100	300		5
10	1200		-150	250		5
10	1400		-150	200		5

5	本波NPC个数	1650	出现时间
ID	横坐标		纵坐标	辅助变量	等级
0	600		-200	200		11
0	800		-150	250		11
0	960		-100	300		11
0	1100		-150	250		11
0	1300		-150	200		11

5	本波NPC个数	1700	出现时间
ID	横坐标		纵坐标	辅助变量	等级
15	700		-100	0		9
15	700		-200	0	9
15	700		-300	0		9
15	700		-400	0		9
15	700		-500	0		9

5	本波NPC个数	1750	出现时间
ID	横坐标		纵坐标	辅助变量	等级
15	1200		-100	0		10
15	1200		-200	0		10
15	1200		-300	0		10
15	1200		-400	0		10
15	1200		-500	0		10

5	本波NPC个数	1800	出现时间
ID	横坐标		纵坐标	辅助变量	等级
0	500		-200	200		11
0	700		-150	250		11
50	960		-100	300		13
0	1200		-150	250		11
0	1400		-150	200		11

3	本波NPC个数	1850	出现时间
ID	横坐标		纵坐标	辅助变量	等级
1	-100		150	460		11
1	-200		200	360		11
1	-300		250	260		11

3	本波NPC个数	1850	出现时间
ID	横坐标		纵坐标	辅助变量	等级
2	2020		150	260		11
2	2120		200	360		11
2	2220		250	460		11

5	本波NPC个数	1900	出现时间
ID	横坐标		纵坐标	辅助变量	等级
10	600		-200	250		5
10	800		-150	300		5
10	960		-100	350		5
10	1100		-150	300		5
10	1300		-150	250		5

3	本波NPC个数	1950	出现时间
ID	横坐标		纵坐标	辅助变量	等级
14	2020		300	0		11
14	2120		200	0		11
14	2220		100	0		11

5	本波NPC个数	2000	出现时间
ID	横坐标		纵坐标	辅助变量	等级
10	500		-200	200		5
10	700		-150	250		5
10	960		-100	300		5
10	1200		-150	250		5
10	1400		-150	200		5

5	本波NPC个数	2050	出现时间
ID	横坐标		纵坐标	辅助变量	等级
10	600		-200	200		5
10	800		-150	250		5
10	960		-100	300		5
10	1100		-150	250		5
10	1300		-150	200		5

5	本波NPC个数	2100	出现时间
ID	横坐标		纵坐标	辅助变量	等级
0	200		-200	200		11
0	280		-150	250		11
0	360		-100	300		11
0	440		-150	250		11
0	520		-150	200		11

5	本波NPC个数	2150	出现时间
ID	横坐标		纵坐标	辅助变量	等级
15	600		-100	0		10
15	600		-200	0		10
15	600		-300	0		10
15	600		-400	0		10
15	600		-500	0		10

5	本波NPC个数	2200	出现时间
ID	横坐标		纵坐标	辅助变量	等级
15	1300		-100	0		10
15	1300		-200	0		10
15	1300		-300	0		10
15	1300		-400	0		10
15	1300		-500	0		10

5	本波NPC个数	2250	出现时间
ID	横坐标		纵坐标	辅助变量	等级
0	600		-200	200		11
0	700		-150	250		11
50	960		-100	300		13
0	1200		-150	250		11
0	1300		-150	200		11

3	本波NPC个数	2300	出现时间
ID	横坐标		纵坐标	辅助变量	等级
1	-100		150	460		11
1	-200		200	360		11
1	-300		250	260		11

3	本波NPC个数	2350	出现时间
ID	横坐标		纵坐标	辅助变量	等级
2	2020		150	260		11
2	2120		200	360		11
2	2220		250	460		11

5	本波NPC个数	2400	出现时间
ID	横坐标		纵坐标	辅助变量	等级
10	700		-200	250		5
10	800		-150	300		5
10	960		-100	350		5
10	1100		-150	300		5
10	1200		-150	250		5